[1] "Naive Bayes Model"

Naive Bayes Classifier for Discrete Predictors

Call:
naiveBayes.default(x = x_train, y = factor(y_train))

A-priori probabilities:
factor(y_train)
         0          1 
0.93918828 0.06081172 

Conditional probabilities:
               cs_objcs
factor(y_train)          0          1
              0 0.97777126 0.02222874
              1 0.92637446 0.07362554

               cs_descr
factor(y_train)         0         1
              0 0.8444923 0.1555077
              1 0.6935076 0.3064924

               cs_casng
factor(y_train)         0         1
              0 0.6300463 0.3699537
              1 0.8263223 0.1736777

               cs_lkout
factor(y_train)          0          1
              0 0.80443588 0.19556412
              1 0.90788788 0.09211212

               cs_cloth
factor(y_train)          0          1
              0 0.95245526 0.04754474
              1 0.96455067 0.03544933

               cs_drgtr
factor(y_train)          0          1
              0 0.93188829 0.06811171
              1 0.85202711 0.14797289

               cs_furtv
factor(y_train)         0         1
              0 0.4795680 0.5204320
              1 0.5509885 0.4490115

               cs_vcrim
factor(y_train)          0          1
              0 0.88884590 0.11115410
              1 0.90411838 0.09588162

               cs_bulge
factor(y_train)          0          1
              0 0.92617596 0.07382404
              1 0.93355255 0.06644745

               ac_proxm
factor(y_train)         0         1
              0 0.7769778 0.2230222
              1 0.7364158 0.2635842

               ac_evasv
factor(y_train)         0         1
              0 0.8136847 0.1863153
              1 0.7397041 0.2602959

               ac_assoc
factor(y_train)          0          1
              0 0.95555290 0.04444710
              1 0.94462044 0.05537956

               ac_cgdir
factor(y_train)         0         1
              0 0.7612221 0.2387779
              1 0.7523760 0.2476240

               ac_incid
factor(y_train)         0         1
              0 0.3921097 0.6078903
              1 0.4858644 0.5141356

               ac_time
factor(y_train)         0         1
              0 0.5552122 0.4447878
              1 0.6397722 0.3602278

               ac_stsnd
factor(y_train)          0          1
              0 0.97588100 0.02411900
              1 0.95328227 0.04671773

               ac_rept
factor(y_train)         0         1
              0 0.8867999 0.1132001
              1 0.6976380 0.3023620

               ac_inves
factor(y_train)         0         1
              0 0.8591262 0.1408738
              1 0.8619321 0.1380679

               race
factor(y_train)          A          B          P          Q          W
              0 0.03292378 0.55253264 0.06857130 0.24913276 0.09683953
              1 0.03917873 0.51397522 0.07530978 0.26294262 0.10859366

               offunif
factor(y_train)         0         1
              0 0.2435061 0.7564939
              1 0.3656414 0.6343586

               sex
factor(y_train)          F          M
              0 0.06996562 0.93003438
              1 0.10366123 0.89633877

               build
factor(y_train)           H           M           T           U           Z
              0 0.079159872 0.581263047 0.325815565 0.004063542 0.009697974
              1 0.106548502 0.545013434 0.334282392 0.005614148 0.008541525

               age
factor(y_train)     [,1]     [,2]
              0 28.05115 11.89165
              1 29.25701 12.09723

               pct
factor(y_train)            1            5            6            7
              0 0.0057564679 0.0048424956 0.0066860193 0.0062965425
              1 0.0057745519 0.0086618278 0.0064161687 0.0117095080
               pct
factor(y_train)            9           10           13           14
              0 0.0084101035 0.0042660698 0.0068807578 0.0170564897
              1 0.0315194290 0.0082608173 0.0146769860 0.0149977944
               pct
factor(y_train)           17           18           19           20
              0 0.0022901239 0.0054085353 0.0081868035 0.0058629249
              1 0.0031679833 0.0089826362 0.0186870915 0.0104262742
               pct
factor(y_train)           22           23           24           25
              0 0.0011554480 0.0211771548 0.0077713615 0.0113857067
              1 0.0008421221 0.0165216345 0.0128724385 0.0204114368
               pct
factor(y_train)           26           28           30           32
              0 0.0100017656 0.0131513351 0.0109988264 0.0201021987
              1 0.0133536512 0.0090227373 0.0194490115 0.0251032602
               pct
factor(y_train)           33           34           40           41
              0 0.0067509321 0.0172278595 0.0351463914 0.0159270068
              1 0.0072582909 0.0112683964 0.0324417532 0.0126318322
               pct
factor(y_train)           42           43           44           45
              0 0.0137511295 0.0193985439 0.0278657707 0.0071923392
              1 0.0210129526 0.0253839676 0.0409832779 0.0098648594
               pct
factor(y_train)           46           47           48           49
              0 0.0110221950 0.0165449768 0.0097706760 0.0108430356
              1 0.0082207162 0.0194089105 0.0060552593 0.0111480932
               pct
factor(y_train)           50           52           60           61
              0 0.0032092893 0.0186118006 0.0143768890 0.0134499340
              1 0.0062156635 0.0146769860 0.0155191082 0.0059750571
               pct
factor(y_train)           62           63           66           67
              0 0.0087061060 0.0070780927 0.0059875575 0.0213822793
              1 0.0058547540 0.0064161687 0.0103460721 0.0092232426
               pct
factor(y_train)           68           69           70           71
              0 0.0048684607 0.0105755949 0.0215406666 0.0090800037
              1 0.0057745519 0.0052933392 0.0044111160 0.0115090027
               pct
factor(y_train)           72           73           75           76
              0 0.0100588889 0.0436551624 0.0475343519 0.0084724198
              1 0.0072983919 0.0150779966 0.0191683041 0.0087821310
               pct
factor(y_train)           77           78           79           81
              0 0.0195361590 0.0060524703 0.0296080305 0.0185313087
              1 0.0117496090 0.0030476802 0.0153988050 0.0118298111
               pct
factor(y_train)           83           84           88           90
              0 0.0210862769 0.0074000602 0.0109988264 0.0188454867
              1 0.0180053735 0.0068171793 0.0131130449 0.0143160765
               pct
factor(y_train)           94          100          101          102
              0 0.0040817174 0.0079712930 0.0190843659 0.0119076057
              1 0.0045314192 0.0072181898 0.0129125396 0.0243814412
               pct
factor(y_train)          103          104          105          106
              0 0.0239580196 0.0090384595 0.0144314157 0.0094175503
              1 0.0324818543 0.0139551670 0.0269078077 0.0092232426
               pct
factor(y_train)          107          108          109          110
              0 0.0078856081 0.0080232232 0.0180950947 0.0173732642
              1 0.0099851626 0.0062557645 0.0240205317 0.0188474957
               pct
factor(y_train)          111          112          113          114
              0 0.0072494625 0.0049333735 0.0167501013 0.0153895288
              1 0.0055339455 0.0066166740 0.0178850704 0.0165216345
               pct
factor(y_train)          115          120          122          123
              0 0.0154051079 0.0232985054 0.0120919581 0.0038402418
              1 0.0144363797 0.0262260897 0.0069374825 0.0027669728

               categorical_height
factor(y_train)          1          2          3          4
              0 0.01878317 0.19594321 0.59662401 0.18864961
              1 0.02153427 0.20888639 0.56586598 0.20371336

[1] "Naive Bayes Differences in Probabilites"
[[1]]
[[1]]$cs_objcs
               cs_objcs
factor(y_train)          0          1
              0 0.97777126 0.02222874
              1 0.92637446 0.07362554

[[1]]$`0`
[1] 0.05139679

[[1]]$`1`
[1] -0.05139679


[[2]]
[[2]]$cs_descr
               cs_descr
factor(y_train)         0         1
              0 0.8444923 0.1555077
              1 0.6935076 0.3064924

[[2]]$`0`
[1] 0.1509846

[[2]]$`1`
[1] -0.1509846


[[3]]
[[3]]$cs_casng
               cs_casng
factor(y_train)         0         1
              0 0.6300463 0.3699537
              1 0.8263223 0.1736777

[[3]]$`0`
[1] -0.196276

[[3]]$`1`
[1] 0.196276


[[4]]
[[4]]$cs_lkout
               cs_lkout
factor(y_train)          0          1
              0 0.80443588 0.19556412
              1 0.90788788 0.09211212

[[4]]$`0`
[1] -0.103452

[[4]]$`1`
[1] 0.103452


[[5]]
[[5]]$cs_cloth
               cs_cloth
factor(y_train)          0          1
              0 0.95245526 0.04754474
              1 0.96455067 0.03544933

[[5]]$`0`
[1] -0.01209541

[[5]]$`1`
[1] 0.01209541


[[6]]
[[6]]$cs_drgtr
               cs_drgtr
factor(y_train)          0          1
              0 0.93188829 0.06811171
              1 0.85202711 0.14797289

[[6]]$`0`
[1] 0.07986118

[[6]]$`1`
[1] -0.07986118


[[7]]
[[7]]$cs_furtv
               cs_furtv
factor(y_train)         0         1
              0 0.4795680 0.5204320
              1 0.5509885 0.4490115

[[7]]$`0`
[1] -0.07142045

[[7]]$`1`
[1] 0.07142045


[[8]]
[[8]]$cs_vcrim
               cs_vcrim
factor(y_train)          0          1
              0 0.88884590 0.11115410
              1 0.90411838 0.09588162

[[8]]$`0`
[1] -0.01527248

[[8]]$`1`
[1] 0.01527248


[[9]]
[[9]]$cs_bulge
               cs_bulge
factor(y_train)          0          1
              0 0.92617596 0.07382404
              1 0.93355255 0.06644745

[[9]]$`0`
[1] -0.007376592

[[9]]$`1`
[1] 0.007376592


[[10]]
[[10]]$ac_proxm
               ac_proxm
factor(y_train)         0         1
              0 0.7769778 0.2230222
              1 0.7364158 0.2635842

[[10]]$`0`
[1] 0.040562

[[10]]$`1`
[1] -0.040562


[[11]]
[[11]]$ac_evasv
               ac_evasv
factor(y_train)         0         1
              0 0.8136847 0.1863153
              1 0.7397041 0.2602959

[[11]]$`0`
[1] 0.0739806

[[11]]$`1`
[1] -0.0739806


[[12]]
[[12]]$ac_assoc
               ac_assoc
factor(y_train)          0          1
              0 0.95555290 0.04444710
              1 0.94462044 0.05537956

[[12]]$`0`
[1] 0.01093246

[[12]]$`1`
[1] -0.01093246


[[13]]
[[13]]$ac_cgdir
               ac_cgdir
factor(y_train)         0         1
              0 0.7612221 0.2387779
              1 0.7523760 0.2476240

[[13]]$`0`
[1] 0.008846139

[[13]]$`1`
[1] -0.008846139


[[14]]
[[14]]$ac_incid
               ac_incid
factor(y_train)         0         1
              0 0.3921097 0.6078903
              1 0.4858644 0.5141356

[[14]]$`0`
[1] -0.09375466

[[14]]$`1`
[1] 0.09375466


[[15]]
[[15]]$ac_time
               ac_time
factor(y_train)         0         1
              0 0.5552122 0.4447878
              1 0.6397722 0.3602278

[[15]]$`0`
[1] -0.08455999

[[15]]$`1`
[1] 0.08455999


[[16]]
[[16]]$ac_stsnd
               ac_stsnd
factor(y_train)          0          1
              0 0.97588100 0.02411900
              1 0.95328227 0.04671773

[[16]]$`0`
[1] 0.02259873

[[16]]$`1`
[1] -0.02259873


[[17]]
[[17]]$ac_rept
               ac_rept
factor(y_train)         0         1
              0 0.8867999 0.1132001
              1 0.6976380 0.3023620

[[17]]$`0`
[1] 0.1891618

[[17]]$`1`
[1] -0.1891618


[[18]]
[[18]]$ac_inves
               ac_inves
factor(y_train)         0         1
              0 0.8591262 0.1408738
              1 0.8619321 0.1380679

[[18]]$`0`
[1] -0.002805847

[[18]]$`1`
[1] 0.002805847


[[19]]
[[19]]$race
               race
factor(y_train)          A          B          P          Q          W
              0 0.03292378 0.55253264 0.06857130 0.24913276 0.09683953
              1 0.03917873 0.51397522 0.07530978 0.26294262 0.10859366

[[19]]$A
[1] -0.006254954

[[19]]$B
[1] 0.03855742

[[19]]$P
[1] -0.006738486

[[19]]$Q
[1] -0.01380985

[[19]]$W
[1] -0.01175413


[[20]]
[[20]]$offunif
               offunif
factor(y_train)         0         1
              0 0.2435061 0.7564939
              1 0.3656414 0.6343586

[[20]]$`0`
[1] -0.1221353

[[20]]$`1`
[1] 0.1221353


[[21]]
[[21]]$sex
               sex
factor(y_train)          F          M
              0 0.06996562 0.93003438
              1 0.10366123 0.89633877

[[21]]$F
[1] -0.0336956

[[21]]$M
[1] 0.0336956


[[22]]
[[22]]$build
               build
factor(y_train)           H           M           T           U           Z
              0 0.079159872 0.581263047 0.325815565 0.004063542 0.009697974
              1 0.106548502 0.545013434 0.334282392 0.005614148 0.008541525

[[22]]$H
[1] -0.02738863

[[22]]$M
[1] 0.03624961

[[22]]$T
[1] -0.008466827

[[22]]$U
[1] -0.001550606

[[22]]$Z
[1] 0.001156449


[[23]]
[[23]]$age
               age
factor(y_train)     [,1]     [,2]
              0 28.05115 11.89165
              1 29.25701 12.09723

[[23]][[2]]
[1] -1.205854

[[23]][[3]]
[1] -0.2055709


[[24]]
[[24]]$pct
               pct
factor(y_train)            1            5            6            7
              0 0.0057564679 0.0048424956 0.0066860193 0.0062965425
              1 0.0057745519 0.0086618278 0.0064161687 0.0117095080
               pct
factor(y_train)            9           10           13           14
              0 0.0084101035 0.0042660698 0.0068807578 0.0170564897
              1 0.0315194290 0.0082608173 0.0146769860 0.0149977944
               pct
factor(y_train)           17           18           19           20
              0 0.0022901239 0.0054085353 0.0081868035 0.0058629249
              1 0.0031679833 0.0089826362 0.0186870915 0.0104262742
               pct
factor(y_train)           22           23           24           25
              0 0.0011554480 0.0211771548 0.0077713615 0.0113857067
              1 0.0008421221 0.0165216345 0.0128724385 0.0204114368
               pct
factor(y_train)           26           28           30           32
              0 0.0100017656 0.0131513351 0.0109988264 0.0201021987
              1 0.0133536512 0.0090227373 0.0194490115 0.0251032602
               pct
factor(y_train)           33           34           40           41
              0 0.0067509321 0.0172278595 0.0351463914 0.0159270068
              1 0.0072582909 0.0112683964 0.0324417532 0.0126318322
               pct
factor(y_train)           42           43           44           45
              0 0.0137511295 0.0193985439 0.0278657707 0.0071923392
              1 0.0210129526 0.0253839676 0.0409832779 0.0098648594
               pct
factor(y_train)           46           47           48           49
              0 0.0110221950 0.0165449768 0.0097706760 0.0108430356
              1 0.0082207162 0.0194089105 0.0060552593 0.0111480932
               pct
factor(y_train)           50           52           60           61
              0 0.0032092893 0.0186118006 0.0143768890 0.0134499340
              1 0.0062156635 0.0146769860 0.0155191082 0.0059750571
               pct
factor(y_train)           62           63           66           67
              0 0.0087061060 0.0070780927 0.0059875575 0.0213822793
              1 0.0058547540 0.0064161687 0.0103460721 0.0092232426
               pct
factor(y_train)           68           69           70           71
              0 0.0048684607 0.0105755949 0.0215406666 0.0090800037
              1 0.0057745519 0.0052933392 0.0044111160 0.0115090027
               pct
factor(y_train)           72           73           75           76
              0 0.0100588889 0.0436551624 0.0475343519 0.0084724198
              1 0.0072983919 0.0150779966 0.0191683041 0.0087821310
               pct
factor(y_train)           77           78           79           81
              0 0.0195361590 0.0060524703 0.0296080305 0.0185313087
              1 0.0117496090 0.0030476802 0.0153988050 0.0118298111
               pct
factor(y_train)           83           84           88           90
              0 0.0210862769 0.0074000602 0.0109988264 0.0188454867
              1 0.0180053735 0.0068171793 0.0131130449 0.0143160765
               pct
factor(y_train)           94          100          101          102
              0 0.0040817174 0.0079712930 0.0190843659 0.0119076057
              1 0.0045314192 0.0072181898 0.0129125396 0.0243814412
               pct
factor(y_train)          103          104          105          106
              0 0.0239580196 0.0090384595 0.0144314157 0.0094175503
              1 0.0324818543 0.0139551670 0.0269078077 0.0092232426
               pct
factor(y_train)          107          108          109          110
              0 0.0078856081 0.0080232232 0.0180950947 0.0173732642
              1 0.0099851626 0.0062557645 0.0240205317 0.0188474957
               pct
factor(y_train)          111          112          113          114
              0 0.0072494625 0.0049333735 0.0167501013 0.0153895288
              1 0.0055339455 0.0066166740 0.0178850704 0.0165216345
               pct
factor(y_train)          115          120          122          123
              0 0.0154051079 0.0232985054 0.0120919581 0.0038402418
              1 0.0144363797 0.0262260897 0.0069374825 0.0027669728

[[24]]$`1`
[1] -1.808396e-05

[[24]]$`5`
[1] -0.003819332

[[24]]$`6`
[1] 0.0002698506

[[24]]$`7`
[1] -0.005412965

[[24]]$`9`
[1] -0.02310933

[[24]]$`10`
[1] -0.003994747

[[24]]$`13`
[1] -0.007796228

[[24]]$`14`
[1] 0.002058695

[[24]]$`17`
[1] -0.0008778594

[[24]]$`18`
[1] -0.003574101

[[24]]$`19`
[1] -0.01050029

[[24]]$`20`
[1] -0.004563349

[[24]]$`22`
[1] 0.0003133259

[[24]]$`23`
[1] 0.00465552

[[24]]$`24`
[1] -0.005101077

[[24]]$`25`
[1] -0.00902573

[[24]]$`26`
[1] -0.003351886

[[24]]$`28`
[1] 0.004128598

[[24]]$`30`
[1] -0.008450185

[[24]]$`32`
[1] -0.005001061

[[24]]$`33`
[1] -0.0005073587

[[24]]$`34`
[1] 0.005959463

[[24]]$`40`
[1] 0.002704638

[[24]]$`41`
[1] 0.003295175

[[24]]$`42`
[1] -0.007261823

[[24]]$`43`
[1] -0.005985424

[[24]]$`44`
[1] -0.01311751

[[24]]$`45`
[1] -0.00267252

[[24]]$`46`
[1] 0.002801479

[[24]]$`47`
[1] -0.002863934

[[24]]$`48`
[1] 0.003715417

[[24]]$`49`
[1] -0.0003050576

[[24]]$`50`
[1] -0.003006374

[[24]]$`52`
[1] 0.003934815

[[24]]$`60`
[1] -0.001142219

[[24]]$`61`
[1] 0.007474877

[[24]]$`62`
[1] 0.002851352

[[24]]$`63`
[1] 0.000661924

[[24]]$`66`
[1] -0.004358515

[[24]]$`67`
[1] 0.01215904

[[24]]$`68`
[1] -0.0009060912

[[24]]$`69`
[1] 0.005282256

[[24]]$`70`
[1] 0.01712955

[[24]]$`71`
[1] -0.002428999

[[24]]$`72`
[1] 0.002760497

[[24]]$`73`
[1] 0.02857717

[[24]]$`75`
[1] 0.02836605

[[24]]$`76`
[1] -0.0003097111

[[24]]$`77`
[1] 0.00778655

[[24]]$`78`
[1] 0.00300479

[[24]]$`79`
[1] 0.01420923

[[24]]$`81`
[1] 0.006701498

[[24]]$`83`
[1] 0.003080903

[[24]]$`84`
[1] 0.0005828809

[[24]]$`88`
[1] -0.002114218

[[24]]$`90`
[1] 0.00452941

[[24]]$`94`
[1] -0.0004497017

[[24]]$`100`
[1] 0.0007531031

[[24]]$`101`
[1] 0.006171826

[[24]]$`102`
[1] -0.01247384

[[24]]$`103`
[1] -0.008523835

[[24]]$`104`
[1] -0.004916707

[[24]]$`105`
[1] -0.01247639

[[24]]$`106`
[1] 0.0001943078

[[24]]$`107`
[1] -0.002099555

[[24]]$`108`
[1] 0.001767459

[[24]]$`109`
[1] -0.005925437

[[24]]$`110`
[1] -0.001474231

[[24]]$`111`
[1] 0.001715517

[[24]]$`112`
[1] -0.001683301

[[24]]$`113`
[1] -0.001134969

[[24]]$`114`
[1] -0.001132106

[[24]]$`115`
[1] 0.0009687282

[[24]]$`120`
[1] -0.002927584

[[24]]$`122`
[1] 0.005154476

[[24]]$`123`
[1] 0.001073269


[[25]]
[[25]]$categorical_height
               categorical_height
factor(y_train)          1          2          3          4
              0 0.01878317 0.19594321 0.59662401 0.18864961
              1 0.02153427 0.20888639 0.56586598 0.20371336

[[25]]$`1`
[1] -0.002751096

[[25]]$`2`
[1] -0.01294318

[[25]]$`3`
[1] 0.03075803

[[25]]$`4`
[1] -0.01506375


[1] "Naive Bayes Confusion Matrix"
   
        0     1
  0 95316  5714
  1   996   492
[1] "Naive Bayes Performance"
An object of class "performance"
Slot "x.name":
[1] "None"

Slot "y.name":
[1] "Area under the ROC curve"

Slot "alpha.name":
[1] "none"

Slot "x.values":
list()

Slot "y.values":
[[1]]
[1] 0.7517583


Slot "alpha.values":
list()

